-2.2758584441894403
-2.2758584441894403
-1.2758584441894398
-0.6091917775227731
-0.6091917775227731
-0.6091917775227731
-0.6091917775227731
-0.6091917775227731
-0.6091917775227731
-0.3869695553005511
-0.3869695553005511
-0.3869695553005511
-0.3869695553005511
-0.3869695553005511
-0.3869695553005511
-0.3869695553005511
-0.3869695553005511
-0.3869695553005511
-0.16474733307832878
-0.16474733307832878
0.23525266692167102
0.23525266692167102
0.3261617578307621
0.41311827956989255
0.5797849462365594
0.7397849462365593
0.7397849462365593
0.7397849462365593
0.7397849462365593
0.7397849462365593
0.806451612903226
1.0
