85.49112426035504
-85.50887573964498
-85.50887573964498
-85.50887573964498
-84.50887573964498
85.49112426035504
-83.50887573964496
-85.50887573964498
85.49112426035504
-84.50887573964498
85.49112426035504
-85.50887573964498
85.49112426035504
85.49112426035504
-83.50887573964496
85.49112426035504
85.49112426035504
-85.50887573964498
85.49112426035504
-83.50887573964496
-83.50887573964496
85.49112426035504
85.49112426035504
-83.50887573964496
85.49112426035504
85.49112426035504
85.49112426035504
-85.50887573964498
-83.50887573964496
-83.50887573964496
85.49112426035504
85.49112426035504
-83.50887573964496
85.49112426035504
85.49112426035504
-83.50887573964496
85.49112426035504
-85.50887573964498
85.49112426035504
85.49112426035504
-84.50887573964498
-85.50887573964498
-85.50887573964498
-84.50887573964498
-85.50887573964498
85.49112426035504
85.49112426035504
-85.50887573964498
-83.50887573964496
-84.50887573964498
85.49112426035504
-83.50887573964496
-85.50887573964498
85.49112426035504
-83.50887573964496
85.49112426035504
85.49112426035504
-84.50887573964498
-83.50887573964496
85.49112426035504
85.49112426035504
85.49112426035504
85.49112426035504
85.49112426035504
85.49112426035504
85.49112426035504
-83.50887573964496
-83.50887573964496
85.49112426035504
85.49112426035504
85.49112426035504
-83.50887573964496
-83.50887573964496
85.49112426035504
-83.50887573964496
85.49112426035504
85.49112426035504
-85.50887573964498
85.49112426035504
-83.50887573964496
-85.50887573964498
-84.50887573964498
85.49112426035504
85.49112426035504
85.49112426035504
85.49112426035504
-85.50887573964498
85.49112426035504
-83.50887573964496
-85.50887573964498
-85.50887573964498
-83.50887573964496
85.49112426035504
85.49112426035504
85.49112426035504
85.49112426035504
-85.50887573964498
85.49112426035504
85.49112426035504
-84.50887573964498
-83.50887573964496
-84.50887573964498
-84.50887573964498
85.49112426035504
85.49112426035504
85.49112426035504
85.49112426035504
-83.50887573964496
-84.50887573964498
-85.50887573964498
85.49112426035504
-84.50887573964498
85.49112426035504
-83.50887573964496
-85.50887573964498
-85.50887573964498
85.49112426035504
85.49112426035504
85.49112426035504
-83.50887573964496
85.49112426035504
85.49112426035504
-83.50887573964496
-83.50887573964496
85.49112426035504
85.49112426035504
-83.50887573964496
-83.50887573964496
-84.50887573964498
-85.50887573964498
85.49112426035504
85.49112426035504
-83.50887573964496
-85.50887573964498
-85.50887573964498
-85.50887573964498
85.49112426035504
-85.50887573964498
85.49112426035504
-84.50887573964498
85.49112426035504
85.49112426035504
-83.50887573964496
-85.50887573964498
85.49112426035504
-85.50887573964498
85.49112426035504
85.49112426035504
-83.50887573964496
85.49112426035504
-84.50887573964498
85.49112426035504
85.49112426035504
85.49112426035504
-85.50887573964498
-84.50887573964498
-85.50887573964498
-85.50887573964498
-84.50887573964498
85.49112426035504
-83.50887573964496
-83.50887573964496
-83.50887573964496
-83.50887573964496
-84.50887573964498
85.49112426035504
85.49112426035504
-85.50887573964498
85.49112426035504
0.0
0.0
0.0
0.0
0.0
0.0
0.0
0.0
0.0
0.0
0.0
