13.0
13.0
13.0
13.0
13.0
13.0
13.0
13.0
13.0
13.0
13.0
13.0
-108.0
13.0
13.0
13.0
13.0
13.0
13.0
13.0
13.0
13.0
13.0
13.0
13.0
13.0
13.0
-108.0
13.0
13.0
13.0
13.0
13.0
13.0
13.0
13.0
13.0
13.0
13.0
13.0
13.0
13.0
13.0
13.0
13.0
13.0
13.0
-108.0
13.0
13.0
-108.0
13.0
13.0
13.0
13.0
13.0
13.0
13.0
13.0
13.0
13.0
13.0
13.0
13.0
-108.0
13.0
13.0
13.0
-108.0
13.0
-108.0
13.0
13.0
13.0
13.0
-108.0
-108.0
-108.0
13.0
13.0
13.0
13.0
13.0
13.0
13.0
13.0
13.0
13.0
13.0
13.0
13.0
13.0
13.0
13.0
13.0
13.0
13.0
13.0
13.0
13.0
13.0
13.0
-108.0
13.0
13.0
13.0
-108.0
13.0
13.0
13.0
13.0
13.0
13.0
13.0
-108.0
13.0
-108.0
13.0
13.0
13.0
-108.0
82.49112426035504
-88.50887573964498
-88.50887573964498
-88.50887573964498
-87.50887573964498
82.49112426035504
-86.50887573964496
-88.50887573964498
82.49112426035504
-87.50887573964498
82.49112426035504
-88.50887573964498
82.49112426035504
82.49112426035504
-86.50887573964496
82.49112426035504
82.49112426035504
-88.50887573964498
82.49112426035504
-86.50887573964496
-86.50887573964496
82.49112426035504
82.49112426035504
-86.50887573964496
-245.50887573964496
82.49112426035504
82.49112426035504
-88.50887573964498
-86.50887573964496
-86.50887573964496
82.49112426035504
82.49112426035504
-86.50887573964496
82.49112426035504
82.49112426035504
-86.50887573964496
82.49112426035504
-88.50887573964498
82.49112426035504
82.49112426035504
-87.50887573964498
-88.50887573964498
-88.50887573964498
-87.50887573964498
-88.50887573964498
82.49112426035504
82.49112426035504
-88.50887573964498
-86.50887573964496
-87.50887573964498
82.49112426035504
-86.50887573964496
-88.50887573964498
82.49112426035504
-86.50887573964496
82.49112426035504
82.49112426035504
-87.50887573964498
-86.50887573964496
82.49112426035504
82.49112426035504
82.49112426035504
82.49112426035504
82.49112426035504
82.49112426035504
82.49112426035504
-86.50887573964496
-86.50887573964496
82.49112426035504
-245.50887573964496
82.49112426035504
-86.50887573964496
-86.50887573964496
82.49112426035504
-86.50887573964496
82.49112426035504
82.49112426035504
-88.50887573964498
82.49112426035504
-86.50887573964496
-88.50887573964498
-87.50887573964498
82.49112426035504
82.49112426035504
-245.50887573964496
82.49112426035504
-88.50887573964498
82.49112426035504
-86.50887573964496
-88.50887573964498
-88.50887573964498
-86.50887573964496
82.49112426035504
82.49112426035504
82.49112426035504
82.49112426035504
-88.50887573964498
82.49112426035504
82.49112426035504
-87.50887573964498
-86.50887573964496
-87.50887573964498
-87.50887573964498
82.49112426035504
82.49112426035504
82.49112426035504
82.49112426035504
-86.50887573964496
-87.50887573964498
-88.50887573964498
82.49112426035504
-87.50887573964498
-245.50887573964496
-86.50887573964496
-88.50887573964498
-88.50887573964498
82.49112426035504
82.49112426035504
82.49112426035504
-86.50887573964496
82.49112426035504
82.49112426035504
-86.50887573964496
-86.50887573964496
82.49112426035504
82.49112426035504
-86.50887573964496
-86.50887573964496
-87.50887573964498
-88.50887573964498
82.49112426035504
82.49112426035504
-86.50887573964496
-88.50887573964498
-88.50887573964498
-88.50887573964498
82.49112426035504
-88.50887573964498
82.49112426035504
-87.50887573964498
82.49112426035504
82.49112426035504
-86.50887573964496
-88.50887573964498
82.49112426035504
-88.50887573964498
82.49112426035504
82.49112426035504
-86.50887573964496
82.49112426035504
-87.50887573964498
82.49112426035504
82.49112426035504
82.49112426035504
-88.50887573964498
-87.50887573964498
-88.50887573964498
-88.50887573964498
-87.50887573964498
82.49112426035504
-86.50887573964496
-86.50887573964496
-86.50887573964496
-86.50887573964496
-87.50887573964498
82.49112426035504
82.49112426035504
-88.50887573964498
82.49112426035504
-3.0
-3.0
-3.0
-3.0
-3.0
-3.0
-3.0
-3.0
-3.0
-3.0
-3.0
-2.0
-2.0
-2.0
-2.0
-2.0
-1.0
-1.0
-1.0
-1.0
-1.0
-1.0
-1.0
-1.0
0.0
0.0
0.0
0.0
0.0
1.0
2.0
2.0
2.0
2.0
2.0
3.0
3.0
5.0
