14.0
14.0
14.0
-99.0
14.0
14.0
14.0
14.0
14.0
14.0
14.0
14.0
14.0
14.0
14.0
-99.0
14.0
14.0
14.0
14.0
14.0
14.0
14.0
14.0
14.0
-99.0
14.0
-99.0
14.0
14.0
14.0
14.0
-99.0
14.0
-99.0
14.0
14.0
14.0
14.0
14.0
14.0
14.0
14.0
14.0
14.0
14.0
14.0
14.0
14.0
14.0
14.0
14.0
14.0
14.0
14.0
14.0
-99.0
14.0
14.0
-99.0
14.0
14.0
14.0
14.0
14.0
14.0
14.0
-99.0
14.0
14.0
14.0
14.0
-99.0
14.0
14.0
14.0
14.0
14.0
14.0
14.0
14.0
-99.0
-99.0
14.0
14.0
14.0
14.0
14.0
-99.0
14.0
14.0
14.0
14.0
14.0
14.0
14.0
14.0
14.0
14.0
14.0
14.0
14.0
14.0
14.0
14.0
14.0
14.0
14.0
14.0
14.0
14.0
14.0
14.0
