-0.7292179618623287
2.270782038137673
2.2707820381376744
2.2707820381376727
0.27078203813767143
0.27078203813767254
1.2707820381376724
-0.7292179618623291
-0.7292179618623289
3.2707820381376718
0.27078203813767143
1.2707820381376733
-1.7292179618623258
-0.7292179618623291
1.2707820381376727
0.2707820381376712
1.2707820381376713
4.27078203813767
5.270782038137672
1.2707820381376707
1.2707820381376729
-0.7292179618623273
1.2707820381376724
1.2707820381376715
0.2707820381376712
0.270782038137671
2.270782038137673
1.2707820381376709
-0.7292179618623278
0.27078203813767154
2.270782038137672
2.270782038137675
-0.7292179618623278
2.270782038137672
0.2707820381376723
1.2707820381376722
1.2707820381376738
1.2707820381376738
3.2707820381376727
2.270782038137672
-1.7292179618623282
3.270782038137672
0.27078203813767093
1.2707820381376702
0.27078203813767276
1.2707820381376722
2.270782038137672
1.270782038137671
0.270782038137671
1.2707820381376715
1.2707820381376715
0.27078203813767243
-0.7292179618623305
2.270782038137672
1.2707820381376707
0.270782038137671
0.2707820381376726
0.27078203813767254
1.2707820381376713
0.2707820381376709
1.2707820381376713
0.27078203813767254
-0.7292179618623291
3.2707820381376727
1.2707820381376702
-0.7292179618623291
0.27078203813767265
2.270782038137674
3.2707820381376713
1.2707820381376738
0.270782038137671
1.2707820381376718
2.270782038137673
-0.7292179618623278
1.2707820381376727
1.2707820381376744
1.2707820381376742
0.27078203813767154
2.2707820381376735
-0.7292179618623305
2.270782038137672
0.2707820381376721
1.2707820381376718
-0.7292179618623287
-0.7292179618623291
-0.729217961862328
0.27078203813767254
0.2707820381376708
0.270782038137672
-0.7292179618623273
1.2707820381376722
1.2707820381376722
1.2707820381376738
-0.7292179618623269
2.270782038137674
2.270782038137672
-0.7292179618623291
0.2707820381376715
-0.7292179618623282
-0.7292179618623286
0.27078203813767254
2.270782038137673
4.27078203813767
0.27078203813767254
1.2707820381376738
0.27078203813767165
2.2707820381376744
-0.72921796186233
2.2707820381376735
3.2707820381376713
-1.7292179618623282
1.270782038137671
2.270782038137673
-0.7292179618623296
1.2707820381376747
4.27078203813767
1.2707820381376727
-0.7292179618623291
0.27078203813767243
1.2707820381376713
0.2707820381376723
1.2707820381376744
1.2707820381376718
-0.7292179618623281
0.27078203813767154
-0.7292179618623287
2.2707820381376744
1.2707820381376718
0.20876653426170155
0.20876653426170155
3.2087665342617018
3.2087665342617018
0.2087665342617021
0.20876653426170155
0.208766534261702
3.2087665342617018
3.2087665342617018
0.20876653426170075
0.20876653426170222
0.20876653426170155
0.20876653426170155
3.2087665342617018
3.2087665342617018
0.20876653426170166
0.20876653426170155
3.2087665342617018
3.2087665342617018
0.20876653426170155
0.20876653426170144
0.20876653426170155
0.20876653426170155
3.2087665342617018
0.20876653426170103
0.20876653426170155
-1.4205744198319175
1.60498494649178
1.60498494649178
1.60498494649178
1.60498494649178
1.6174849464917798
-1.3825150535082202
-1.3825150535082202
1.6174849464917798
1.6296800684429993
-1.3703199315570007
1.6417282612140838
1.6417282612140838
1.6417282612140838
-1.3582717387859162
1.6417282612140838
1.6417282612140838
1.6417282612140838
1.6417282612140838
1.6417282612140838
1.6417282612140838
-1.3582717387859162
1.6417282612140838
-1.3582717387859162
1.6417282612140838
1.6417282612140838
1.6417282612140838
