10.170212765957444
10.170212765957444
10.170212765957444
10.170212765957444
-37.829787234042556
10.170212765957444
10.170212765957444
-37.829787234042556
10.170212765957444
10.170212765957444
-6.829787234042556
10.170212765957444
10.170212765957444
10.170212765957444
-37.829787234042556
11.170212765957444
-5.829787234042556
-38.829787234042556
9.170212765957444
9.170212765957444
-38.829787234042556
9.170212765957444
9.170212765957444
9.170212765957444
9.170212765957444
9.170212765957444
9.170212765957444
9.170212765957444
9.170212765957444
9.170212765957444
9.170212765957444
9.170212765957444
9.170212765957444
9.170212765957444
9.170212765957444
9.170212765957444
9.170212765957444
-38.829787234042556
9.170212765957444
9.170212765957444
-38.829787234042556
9.170212765957444
9.170212765957444
9.170212765957444
9.170212765957444
9.170212765957444
-38.829787234042556
1.0
1.0
1.0
1.0
1.0
1.0
1.0
1.0
1.0
1.0
1.0
1.0
1.0
1.0
1.0
1.0
1.0
1.0
1.0
1.0
1.0
1.0
1.0
1.0
1.0
1.0
1.0
1.0
1.0
1.0
1.0
1.0
1.0
1.0
1.0
1.0
1.0
1.0
