-7.37037037037037
-8.370370370370374
-7.37037037037037
-7.37037037037037
-7.37037037037037
-8.370370370370374
-8.370370370370374
-7.37037037037037
-8.370370370370374
47.629629629629626
-7.37037037037037
-7.37037037037037
-7.37037037037037
-8.370370370370374
-7.37037037037037
-8.370370370370374
-8.370370370370374
-7.37037037037037
-8.370370370370374
-7.37037037037037
47.629629629629626
-7.37037037037037
47.629629629629626
47.629629629629626
-8.370370370370374
-7.37037037037037
47.629629629629626
-7.37037037037037
-7.37037037037037
-8.370370370370374
-7.37037037037037
-7.37037037037037
-8.370370370370374
-7.37037037037037
-7.37037037037037
-7.37037037037037
-7.37037037037037
-7.37037037037037
-7.37037037037037
-7.37037037037037
47.629629629629626
-7.37037037037037
-60.370370370370374
47.629629629629626
-7.37037037037037
-7.37037037037037
-7.37037037037037
-7.37037037037037
-7.37037037037037
-7.37037037037037
-7.37037037037037
-8.370370370370374
-7.37037037037037
-7.37037037037037
14.0
-42.0
1.0
1.0
1.0
1.0
1.0
1.0
1.0
1.0
1.0
1.0
1.0
1.0
1.0
1.0
1.0
1.0
1.0
1.0
2.0
2.0
2.0
2.0
2.0
2.0
2.0
2.0
2.0
2.0
3.0
3.0
3.0
3.0
3.0
3.0
3.0
3.0
3.0
3.0
3.0
3.0
-105.0
3.0
3.0
3.0
3.0
3.0
3.0
3.0
3.0
3.0
3.0
3.0
