1.014093182086262
1.014093182086262
1.014093182086262
1.014093182086262
-1.9859068179137387
1.014093182086262
1.014093182086262
1.014093182086262
1.014093182086262
1.014093182086262
1.014093182086262
1.014093182086262
1.014093182086262
1.014093182086262
1.014093182086262
1.014093182086262
1.014093182086262
1.014093182086262
1.014093182086262
1.014093182086262
1.014093182086262
1.014093182086262
1.014093182086262
1.014093182086262
1.014093182086262
1.014093182086262
1.014093182086262
1.014093182086262
1.014093182086262
1.014093182086262
1.014093182086262
1.014093182086262
1.014093182086262
1.014093182086262
-1.9859068179137382
1.014093182086262
1.014093182086262
1.014093182086262
1.014093182086262
1.014093182086262
1.014093182086262
1.014093182086262
1.014093182086262
1.014093182086262
1.014093182086262
1.014093182086262
1.014093182086262
1.014093182086262
1.014093182086262
1.014093182086262
1.014093182086262
1.014093182086262
1.014093182086262
1.014093182086262
-1.985906817913738
1.014093182086262
1.014093182086262
1.014093182086262
1.014093182086262
1.014093182086262
-1.985906817913738
1.014093182086262
1.014093182086262
1.014093182086262
1.014093182086262
1.014093182086262
1.014093182086262
1.014093182086262
1.014093182086262
1.014093182086262
1.014093182086262
1.014093182086262
1.014093182086262
1.014093182086262
1.014093182086262
1.014093182086262
1.014093182086262
1.014093182086262
1.014093182086262
1.014093182086262
1.014093182086262
1.014093182086262
1.014093182086262
1.014093182086262
1.014093182086262
1.014093182086262
1.014093182086262
1.014093182086262
1.014093182086262
1.014093182086262
1.014093182086262
1.014093182086262
1.014093182086262
1.014093182086262
1.014093182086262
1.014093182086262
1.014093182086262
1.014093182086262
1.014093182086262
1.014093182086262
1.014093182086262
-1.9859068179137387
1.014093182086262
1.014093182086262
1.014093182086262
-1.9859068179137382
1.014093182086262
1.014093182086262
1.014093182086262
1.014093182086262
1.014093182086262
1.014093182086262
1.014093182086262
1.014093182086262
-1.9859068179137382
1.014093182086262
1.014093182086262
1.014093182086262
1.014093182086262
1.014093182086262
1.014093182086262
1.014093182086262
1.014093182086262
1.014093182086262
1.014093182086262
1.014093182086262
1.014093182086262
1.014093182086262
-1.9859068179137382
1.014093182086262
1.014093182086262
1.014093182086262
1.014093182086262
1.014093182086262
1.014093182086262
1.014093182086262
1.014093182086262
1.014093182086262
1.014093182086262
1.014093182086262
1.014093182086262
1.014093182086262
1.014093182086262
1.014093182086262
1.014093182086262
1.014093182086262
-1.9859068179137382
1.014093182086262
1.014093182086262
1.014093182086262
1.014093182086262
1.014093182086262
1.014093182086262
1.014093182086262
1.014093182086262
1.014093182086262
1.014093182086262
1.014093182086262
1.0267514099343633
1.0393300262865646
1.0393300262865646
1.0393300262865646
1.0393300262865646
1.0393300262865646
1.0393300262865646
1.0514512384077768
1.0514512384077768
-1.9485487615922237
1.0514512384077768
1.0514512384077768
-1.9485487615922232
1.0514512384077768
1.0514512384077768
1.0514512384077768
1.0744397441549032
1.0744397441549032
1.1198942896094488
1.1198942896094488
1.1311302446656286
1.1423034290231706
-1.8354743487546072
1.1866250987592049
1.1866250987592049
1.1866250987592049
1.1866250987592049
1.1866250987592049
0.9790570175438597
0.9790570175438597
0.9790570175438597
0.9790570175438597
0.9895833333333334
0.9895833333333334
1.0
1.0
1.0
1.0
1.0
1.0
1.0
1.0
1.0
1.0
1.0
1.0
1.0
1.0
1.0
1.0
