0.7840909090909091
0.7840909090909091
0.7840909090909091
0.7840909090909091
0.7840909090909091
0.7840909090909091
0.7840909090909091
0.7840909090909091
0.7840909090909091
0.7840909090909091
0.7840909090909091
0.7840909090909091
0.7840909090909091
0.7840909090909091
0.7840909090909091
0.7840909090909091
0.9090909090909091
0.9090909090909091
0.9090909090909091
0.9090909090909091
0.9090909090909091
0.9090909090909091
1.0
1.0
1.0
1.0
1.0
1.0
1.0
1.0
1.0
1.0
1.0
1.0
1.0
1.0
1.0
1.0
1.0
1.0
1.0
1.0
1.0
1.0
1.0
1.0
1.0
1.0
1.0
1.0
1.0
1.0
1.0
1.0
1.0
1.0
1.0
1.0
1.0
1.0
1.0
1.0
1.0
1.0
1.0
1.0
1.0
1.0
1.0
1.0
1.0
1.0
1.0
1.0
1.0
1.0
1.0
1.0
1.0
1.0
1.0
1.0
1.0
1.0
1.0
1.0
1.0
1.0
1.0
1.0
1.0
1.0
1.0
1.0
1.0
1.0
1.0
1.0
1.0
1.0
1.0
1.0
1.0
1.0
1.0
1.0
