1.8168475416308936
-2.183152458369106
1.8168475416308936
-1.1831524583691069
1.8168475416308936
1.8168475416308936
1.8168475416308936
1.8168475416308936
-2.183152458369106
1.8168475416308936
1.8168475416308936
-2.1831524583691055
1.8168475416308936
1.8168475416308936
1.8168475416308936
-1.1831524583691064
1.9418475416308936
1.9418475416308936
1.9418475416308936
1.9418475416308936
-2.058152458369106
-1.0581524583691064
2.032756632539985
2.032756632539985
2.032756632539985
2.032756632539985
-0.9672433674600154
2.032756632539985
2.032756632539985
2.032756632539985
-1.9672433674600154
2.032756632539985
2.032756632539985
2.032756632539985
2.032756632539985
-0.9672433674600154
2.032756632539985
2.032756632539985
-1.9672433674600154
2.032756632539985
2.032756632539985
2.032756632539985
-0.9672433674600154
2.032756632539985
-0.9672433674600154
-1.9672433674600154
2.032756632539985
2.032756632539985
-1.9672433674600156
-0.9672433674600154
2.032756632539985
2.032756632539985
2.032756632539985
2.032756632539985
2.032756632539985
2.032756632539985
-0.9672433674600154
-1.9672433674600154
2.032756632539985
-1.9672433674600154
-1.967243367460015
2.032756632539985
-1.9672433674600158
-1.9672433674600154
-1.9672433674600154
2.032756632539985
2.032756632539985
2.032756632539985
-0.9672433674600154
2.032756632539985
2.032756632539985
-1.9672433674600158
2.032756632539985
2.032756632539985
2.032756632539985
-1.9672433674600154
-1.9672433674600154
2.032756632539985
2.032756632539985
2.032756632539985
2.032756632539985
-0.9672433674600154
2.032756632539985
2.032756632539985
2.032756632539985
2.032756632539985
2.032756632539985
2.032756632539985
2.032756632539985
-1.9672433674600158
2.032756632539985
2.032756632539985
2.032756632539985
-0.9672433674600154
2.032756632539985
-1.967243367460015
2.032756632539985
-1.9672433674600154
2.032756632539985
2.032756632539985
-0.9672433674600154
2.032756632539985
2.032756632539985
2.032756632539985
2.032756632539985
-0.9672433674600154
2.032756632539985
1.6276321250338843
1.6276321250338843
1.3276455116732566
1.3276455116732566
1.3276455116732566
1.3276455116732566
1.3276455116732566
1.3276455116732566
1.3537324681949956
1.3537324681949956
1.3537324681949956
1.3537324681949956
1.3537324681949956
1.3537324681949956
1.3537324681949956
0.962380971041185
0.962380971041185
0.962380971041185
0.962380971041185
0.962380971041185
0.962380971041185
0.962380971041185
0.962380971041185
0.962380971041185
0.962380971041185
0.962380971041185
0.962380971041185
0.962380971041185
0.962380971041185
0.962380971041185
0.962380971041185
0.962380971041185
0.962380971041185
0.962380971041185
0.962380971041185
0.962380971041185
0.962380971041185
0.962380971041185
0.962380971041185
0.962380971041185
0.962380971041185
0.962380971041185
0.962380971041185
0.962380971041185
0.9822485207100592
0.9822485207100592
0.9822485207100592
0.9822485207100592
0.9822485207100592
0.9822485207100592
0.9822485207100592
0.9822485207100592
0.9822485207100592
0.9822485207100592
0.9822485207100592
0.9822485207100592
0.9822485207100592
0.9822485207100592
0.9822485207100592
0.9822485207100592
0.9822485207100592
0.9822485207100592
