1.1022192219819762
3.102219221981977
0.10221922198197558
0.1022192219819767
0.10221922198197606
0.10221922198197736
0.1022192219819758
3.102219221981977
0.1022192219819758
0.10221922198197625
3.1022192219819775
1.1022192219819775
0.1022192219819758
0.10221922198197625
3.102219221981976
0.10221922198197625
0.10221922198197636
0.10221922198197558
0.1022192219819767
0.10221922198197606
3.102219221981976
3.102219221981977
0.10221922198197625
0.10221922198197736
1.1022192219819775
0.1022192219819758
2.4444472917651168
2.444447291765117
-0.5555527082348833
-0.5555527082348829
