74.43850267379679
-113.56149732620321
-113.56149732620321
74.43850267379679
74.43850267379679
74.43850267379679
74.43850267379679
-113.56149732620321
74.43850267379679
74.43850267379679
74.43850267379679
-113.56149732620321
-113.56149732620321
74.43850267379679
-113.56149732620321
74.43850267379679
74.43850267379679
74.43850267379679
74.43850267379679
74.43850267379679
-113.56149732620321
-113.56149732620321
-113.56149732620321
74.43850267379679
-114.56149732620321
-113.56149732620321
-113.56149732620321
74.43850267379679
-113.56149732620321
74.43850267379679
-114.56149732620321
-112.56149732620321
-113.56149732620321
74.43850267379679
-113.56149732620321
-112.56149732620321
-113.56149732620321
74.43850267379679
74.43850267379679
-114.56149732620321
74.43850267379679
74.43850267379679
-113.56149732620321
-113.56149732620321
-113.56149732620321
-113.56149732620321
-114.56149732620321
-113.56149732620321
74.43850267379679
74.43850267379679
74.43850267379679
74.43850267379679
-113.56149732620321
74.43850267379679
74.43850267379679
74.43850267379679
74.43850267379679
74.43850267379679
-112.56149732620321
-113.56149732620321
74.43850267379679
-113.56149732620321
-113.56149732620321
-113.56149732620321
74.43850267379679
-114.56149732620321
-112.56149732620321
-113.56149732620321
-113.56149732620321
74.43850267379679
74.43850267379679
74.43850267379679
74.43850267379679
74.43850267379679
74.43850267379679
74.43850267379679
74.43850267379679
-113.56149732620321
74.43850267379679
74.43850267379679
-112.56149732620321
74.43850267379679
-113.56149732620321
74.43850267379679
74.43850267379679
74.43850267379679
74.43850267379679
74.43850267379679
74.43850267379679
74.43850267379679
-113.56149732620321
-113.56149732620321
-114.56149732620321
74.43850267379679
74.43850267379679
74.43850267379679
74.43850267379679
74.43850267379679
74.43850267379679
74.43850267379679
74.43850267379679
-113.56149732620321
-113.56149732620321
74.43850267379679
74.43850267379679
-113.56149732620321
74.43850267379679
74.43850267379679
74.43850267379679
-113.56149732620321
74.43850267379679
-113.56149732620321
74.43850267379679
74.43850267379679
74.43850267379679
-113.56149732620321
74.43850267379679
-113.56149732620321
74.43850267379679
-114.56149732620321
-113.56149732620321
74.43850267379679
-113.56149732620321
-113.56149732620321
-113.56149732620321
74.43850267379679
-113.56149732620321
74.43850267379679
74.43850267379679
74.43850267379679
74.43850267379679
74.43850267379679
74.43850267379679
-113.56149732620321
-113.56149732620321
74.43850267379679
74.43850267379679
-114.56149732620321
-113.56149732620321
74.43850267379679
-113.56149732620321
74.43850267379679
74.43850267379679
74.43850267379679
-113.56149732620321
74.43850267379679
-113.56149732620321
74.43850267379679
74.43850267379679
-113.56149732620321
-114.56149732620321
-114.56149732620321
74.43850267379679
74.43850267379679
-114.56149732620321
74.43850267379679
74.43850267379679
74.43850267379679
74.43850267379679
74.43850267379679
-114.56149732620321
74.43850267379679
-113.56149732620321
74.43850267379679
74.43850267379679
74.43850267379679
74.43850267379679
74.43850267379679
-114.56149732620321
74.43850267379679
74.43850267379679
74.43850267379679
74.43850267379679
-114.56149732620321
74.43850267379679
-114.56149732620321
74.43850267379679
-112.56149732620321
74.43850267379679
74.43850267379679
74.43850267379679
74.43850267379679
-113.56149732620321
-112.56149732620321
-113.56149732620321
74.43850267379679
74.43850267379679
