-2.3383584441894403
-2.3383584441894403
-1.3383584441894398
-0.6716917775227731
-0.6716917775227731
-0.6716917775227731
-0.6716917775227731
-0.6716917775227731
-0.6716917775227731
-0.4494695553005511
-0.4494695553005511
-0.4494695553005511
-0.4494695553005511
-0.4494695553005511
-0.4494695553005511
-0.4494695553005511
-0.4494695553005511
-0.4494695553005511
-0.22724733307832878
-0.22724733307832878
0.17275266692167102
0.17275266692167102
0.2636617578307621
0.35061827956989255
0.5172849462365594
0.6772849462365593
0.6772849462365593
0.6772849462365593
0.6772849462365593
0.6772849462365593
0.743951612903226
0.9375
