0.49802516324255475
0.49802516324255475
0.49802516324255475
0.49802516324255475
0.49802516324255475
0.49802516324255475
0.49802516324255475
0.49802516324255475
0.49802516324255475
0.49802516324255475
0.6980251632425547
0.6980251632425547
0.6980251632425547
0.6980251632425547
0.6980251632425547
0.6980251632425547
0.6980251632425547
0.6980251632425547
0.6980251632425547
0.6980251632425547
0.6980251632425547
0.6980251632425547
0.6980251632425547
0.7849816849816851
0.7849816849816851
0.7849816849816851
0.861904761904762
0.861904761904762
0.9333333333333333
0.9333333333333333
1.0
1.0
1.0
1.0
1.0
1.0
