28.355932203389838
-41.64406779661017
-41.64406779661017
-31.644067796610166
-37.64406779661017
28.355932203389838
-41.64406779661017
-34.644067796610166
-38.64406779661017
28.355932203389838
-40.64406779661017
28.355932203389838
-40.64406779661017
-41.64406779661017
28.355932203389838
28.355932203389838
28.355932203389838
28.355932203389838
-34.644067796610166
-34.644067796610166
-34.644067796610166
-35.64406779661017
28.355932203389838
-30.644067796610162
-37.64406779661017
-31.644067796610166
28.355932203389838
-30.64406779661016
28.355932203389838
-30.64406779661016
-38.64406779661017
28.355932203389838
-39.64406779661017
28.355932203389838
-35.64406779661017
-30.64406779661016
-32.64406779661016
-39.64406779661017
28.355932203389838
-36.64406779661017
28.355932203389838
28.355932203389838
-37.64406779661017
-34.644067796610166
28.355932203389838
28.355932203389838
-37.64406779661017
-32.64406779661016
-40.64406779661017
28.355932203389838
28.355932203389838
28.355932203389838
-32.64406779661016
28.355932203389838
-30.64406779661016
-39.64406779661017
-31.644067796610166
28.355932203389838
-34.644067796610166
